 some text
 
 first data
  I        X           Y
 ___________________________
   1    5.202017   15.157850
   1    5.202017   15.157850
   2    4.446598   13.709940
   2    4.446598   13.709940
   3    7.325684   19.811870
   3    7.325684   19.811870
   4    3.085479   11.399220
   4    3.085479   11.399220
 B01= 4.995908  B11= 1.998787
 B01= 4.995908  B11= 1.998787
 
  rest data
  I      X       Y       B0       B1       B01      B11
 __________________________________________________
   5    3.1340  11.2704   5.0000   2.0000   5.0038   1.9975
   5    3.1340  11.2704   5.0000   2.0000   5.0038   1.9975
   6    1.5303   7.8156   5.0000   2.0000   4.8341   2.0288
   6    1.5303   7.8156   5.0000   2.0000   4.8341   2.0288
   7    4.8637  14.7222   5.0000   2.0000   4.8343   2.0294
   7    4.8637  14.7222   5.0000   2.0000   4.8343   2.0294
   8    6.9960  19.2266   5.0000   2.0000   4.7803   2.0466
   8    6.9960  19.2266   5.0000   2.0000   4.7803   2.0466
   9    2.1473   9.4915   1.0000   4.0000   4.9053   2.0257
   9    2.1473   9.4915   1.0000   4.0000   4.9053   2.0257
  10    5.7622  23.8533   1.0000   4.0000   4.4056   2.3015
  10    5.7622  23.8533   1.0000   4.0000   4.4056   2.3015
  11    5.6969  23.7569   1.0000   4.0000   4.0770   2.4979
  11    5.6969  23.7569   1.0000   4.0000   4.0770   2.4979
  12    4.9931  21.0895   1.0000   4.0000   4.2280   2.5473
  12    4.9931  21.0895   1.0000   4.0000   4.2280   2.5473
  13    8.5546  35.0522   1.0000   4.0000   1.7306   3.1984
  13    8.5546  35.0522   1.0000   4.0000   1.7306   3.1984
  14    7.9687  32.1977   1.0000   4.0000    .8636   3.4371
  14    7.9687  32.1977   1.0000   4.0000    .8636   3.4371
  15    3.4468  14.4426   1.0000   4.0000   1.1979   3.3935
  15    3.4468  14.4426   1.0000   4.0000   1.1979   3.3935
  16    5.7282  24.4213   1.0000   4.0000   1.2283   3.4342
  16    5.7282  24.4213   1.0000   4.0000   1.2283   3.4342
  17    5.1259  21.4124   1.0000   4.0000   1.3662   3.4370
  17    5.1259  21.4124   1.0000   4.0000   1.3662   3.4370
  18    4.6850  19.3480   1.0000   4.0000   1.5241   3.4264
  18    4.6850  19.3480   1.0000   4.0000   1.5241   3.4264
  19    2.9685  12.5884   1.0000   4.0000   1.7005   3.4001
  19    2.9685  12.5884   1.0000   4.0000   1.7005   3.4001
  20    3.8897  16.8470   1.0000   4.0000   1.9333   3.3721
  20    3.8897  16.8470   1.0000   4.0000   1.9333   3.3721
  21    6.3410  25.8716   1.0000   4.0000   1.8023   3.4231
  21    6.3410  25.8716   1.0000   4.0000   1.8023   3.4231
  22    5.6409  23.3717   1.0000   4.0000   1.7990   3.4445
  22    5.6409  23.3717   1.0000   4.0000   1.7990   3.4445
  23    4.8997  20.4650   1.0000   4.0000   1.8863   3.4425
  23    4.8997  20.4650   1.0000   4.0000   1.8863   3.4425
  24    3.9727  16.9935   1.0000   4.0000   2.0413   3.4232
  24    3.9727  16.9935   1.0000   4.0000   2.0413   3.4232
  25    3.7599  15.7248   1.0000   4.0000   2.1355   3.4106
  25    3.7599  15.7248   1.0000   4.0000   2.1355   3.4106
  26    2.6271  11.1114   1.0000   4.0000   2.1383   3.4101
  26    2.6271  11.1114   1.0000   4.0000   2.1383   3.4101
  27    5.4168  22.1869   1.0000   4.0000   2.1386   3.4222
  27    5.4168  22.1869   1.0000   4.0000   2.1386   3.4222
  28    4.8997  20.7526   1.0000   4.0000   2.1960   3.4239
  28    4.8997  20.7526   1.0000   4.0000   2.1960   3.4239
  29    3.7188  15.7473   1.0000   4.0000   2.2772   3.4129
  29    3.7188  15.7473   1.0000   4.0000   2.2772   3.4129
  
  GM = 0.9
  
   next data section, first data
  I        X           Y
 ___________________________
   1    5.202017   15.157850
   1    5.202017   15.157850
   2    4.446598   13.709940
   2    4.446598   13.709940
   3    7.325684   19.811870
   3    7.325684   19.811870
   4    3.085479   11.399220
   4    3.085479   11.399220
 B01= 4.995908  B11= 1.998787
 B01= 4.995908  B11= 1.998787
 
 rest data
 I      X       Y       B0       B1       B01      B11
__________________________________________________
  5    3.1340  11.2704   5.0000   2.0000   5.0043   1.9974
  5    3.1340  11.2704   5.0000   2.0000   5.0043   1.9974
  6    1.5303   7.8156   5.0000   2.0000   4.8191   2.0317
  6    1.5303   7.8156   5.0000   2.0000   4.8191   2.0317
  7    4.8637  14.7222   5.0000   2.0000   4.8192   2.0326
  7    4.8637  14.7222   5.0000   2.0000   4.8192   2.0326
  8    6.9960  19.2266   5.0000   2.0000   4.7552   2.0531
  8    6.9960  19.2266   5.0000   2.0000   4.7552   2.0531
  9    2.1473   9.4915   1.0000   4.0000   4.9241   2.0253
  9    2.1473   9.4915   1.0000   4.0000   4.9241   2.0253
 10    5.7622  23.8533   1.0000   4.0000   4.2515   2.4145
 10    5.7622  23.8533   1.0000   4.0000   4.2515   2.4145
 11    5.6969  23.7569   1.0000   4.0000   3.8338   2.6784
 11    5.6969  23.7569   1.0000   4.0000   3.8338   2.6784
 12    4.9931  21.0895   1.0000   4.0000   4.0899   2.7354
 12    4.9931  21.0895   1.0000   4.0000   4.0899   2.7354
 13    8.5546  35.0522   1.0000   4.0000    .9206   3.5358
 13    8.5546  35.0522   1.0000   4.0000    .9206   3.5358
 14    7.9687  32.1977   1.0000   4.0000    .1326   3.7487
 14    7.9687  32.1977   1.0000   4.0000    .1326   3.7487
 15    3.4468  14.4426   1.0000   4.0000    .6818   3.6772
 15    3.4468  14.4426   1.0000   4.0000    .6818   3.6772
 16    5.7282  24.4213   1.0000   4.0000    .8309   3.7096
 16    5.7282  24.4213   1.0000   4.0000    .8309   3.7096
 17    5.1259  21.4124   1.0000   4.0000   1.0691   3.6996
 17    5.1259  21.4124   1.0000   4.0000   1.0691   3.6996
 18    4.6850  19.3480   1.0000   4.0000   1.2825   3.6798
 18    4.6850  19.3480   1.0000   4.0000   1.2825   3.6798
 19    2.9685  12.5884   1.0000   4.0000   1.4610   3.6527
 19    2.9685  12.5884   1.0000   4.0000   1.4610   3.6527
 20    3.8897  16.8470   1.0000   4.0000   1.8014   3.6099
 20    3.8897  16.8470   1.0000   4.0000   1.8014   3.6099
 21    6.3410  25.8716   1.0000   4.0000   1.6314   3.6699
 21    6.3410  25.8716   1.0000   4.0000   1.6314   3.6699
 22    5.6409  23.3717   1.0000   4.0000   1.6226   3.6940
 22    5.6409  23.3717   1.0000   4.0000   1.6226   3.6940
 23    4.8997  20.4650   1.0000   4.0000   1.7335   3.6881
 23    4.8997  20.4650   1.0000   4.0000   1.7335   3.6881
 24    3.9727  16.9935   1.0000   4.0000   1.9444   3.6587
 24    3.9727  16.9935   1.0000   4.0000   1.9444   3.6587
 25    3.7599  15.7248   1.0000   4.0000   1.9532   3.6574
 25    3.7599  15.7248   1.0000   4.0000   1.9532   3.6574
 26    2.6271  11.1114   1.0000   4.0000   1.7201   3.6978
 26    2.6271  11.1114   1.0000   4.0000   1.7201   3.6978
 27    5.4168  22.1869   1.0000   4.0000   1.6919   3.7137
 27    5.4168  22.1869   1.0000   4.0000   1.6919   3.7137
 28    4.8997  20.7526   1.0000   4.0000   1.7386   3.7231
 28    4.8997  20.7526   1.0000   4.0000   1.7386   3.7231
 29    3.7188  15.7473   1.0000   4.0000   1.7938   3.7148
 29    3.7188  15.7473   1.0000   4.0000   1.7938   3.7148
 
 GM = 0.8
 
  third data section, first data
  I        X           Y
 ___________________________
   1    5.202017   15.157850
   1    5.202017   15.157850
   2    4.446598   13.709940
   2    4.446598   13.709940
   3    7.325684   19.811870
   3    7.325684   19.811870
   4    3.085479   11.399220
   4    3.085479   11.399220
 B01= 4.995908  B11= 1.998787
 B01= 4.995908  B11= 1.998787
 
 final data
 I      X       Y       B0       B1       B01      B11
__________________________________________________
  5    3.1340  11.2704   5.0000   2.0000   5.0049   1.9974
  5    3.1340  11.2704   5.0000   2.0000   5.0049   1.9974
  6    1.5303   7.8156   5.0000   2.0000   4.8028   2.0350
  6    1.5303   7.8156   5.0000   2.0000   4.8028   2.0350
  7    4.8637  14.7222   5.0000   2.0000   4.8023   2.0363
  7    4.8637  14.7222   5.0000   2.0000   4.8023   2.0363
  8    6.9960  19.2266   5.0000   2.0000   4.7286   2.0601
  8    6.9960  19.2266   5.0000   2.0000   4.7286   2.0601
  9    2.1473   9.4915   1.0000   4.0000   4.9536   2.0236
  9    2.1473   9.4915   1.0000   4.0000   4.9536   2.0236
 10    5.7622  23.8533   1.0000   4.0000   4.0810   2.5561
 10    5.7622  23.8533   1.0000   4.0000   4.0810   2.5561
 11    5.6969  23.7569   1.0000   4.0000   3.5982   2.8820
 11    5.6969  23.7569   1.0000   4.0000   3.5982   2.8820
 12    4.9931  21.0895   1.0000   4.0000   4.0040   2.9311
 12    4.9931  21.0895   1.0000   4.0000   4.0040   2.9311
 13    8.5546  35.0522   1.0000   4.0000    .4264   3.7929
 13    8.5546  35.0522   1.0000   4.0000    .4264   3.7929
 14    7.9687  32.1977   1.0000   4.0000   -.1050   3.9327
 14    7.9687  32.1977   1.0000   4.0000   -.1050   3.9327
 15    3.4468  14.4426   1.0000   4.0000    .6101   3.8399
 15    3.4468  14.4426   1.0000   4.0000    .6101   3.8399
 16    5.7282  24.4213   1.0000   4.0000    .8898   3.8558
 16    5.7282  24.4213   1.0000   4.0000    .8898   3.8558
 17    5.1259  21.4124   1.0000   4.0000   1.1453   3.8371
 17    5.1259  21.4124   1.0000   4.0000   1.1453   3.8371
 18    4.6850  19.3480   1.0000   4.0000   1.2542   3.8252
 18    4.6850  19.3480   1.0000   4.0000   1.2542   3.8252
 19    2.9685  12.5884   1.0000   4.0000   1.2364   3.8280
 19    2.9685  12.5884   1.0000   4.0000   1.2364   3.8280
 20    3.8897  16.8470   1.0000   4.0000   1.5952   3.7821
 20    3.8897  16.8470   1.0000   4.0000   1.5952   3.7821
 21    6.3410  25.8716   1.0000   4.0000   1.4875   3.8155
 21    6.3410  25.8716   1.0000   4.0000   1.4875   3.8155
 22    5.6409  23.3717   1.0000   4.0000   1.4626   3.8345
 22    5.6409  23.3717   1.0000   4.0000   1.4626   3.8345
 23    4.8997  20.4650   1.0000   4.0000   1.5303   3.8297
 23    4.8997  20.4650   1.0000   4.0000   1.5303   3.8297
 24    3.9727  16.9935   1.0000   4.0000   1.7268   3.7995
 24    3.9727  16.9935   1.0000   4.0000   1.7268   3.7995
 25    3.7599  15.7248   1.0000   4.0000   1.4972   3.8366
 25    3.7599  15.7248   1.0000   4.0000   1.4972   3.8366
 26    2.6271  11.1114   1.0000   4.0000   1.0395   3.9227
 26    2.6271  11.1114   1.0000   4.0000   1.0395   3.9227
 27    5.4168  22.1869   1.0000   4.0000   1.0722   3.9108
 27    5.4168  22.1869   1.0000   4.0000   1.0722   3.9108
 28    4.8997  20.7526   1.0000   4.0000   1.0532   3.9378
 28    4.8997  20.7526   1.0000   4.0000   1.0532   3.9378
 29    3.7188  15.7473   1.0000   4.0000   1.0887   3.9320
 29    3.7188  15.7473   1.0000   4.0000   1.0887   3.9320